arm | A_bps_A | A_bps_end | B_bps_end | A_capb_A | B_capb_end | A_mel_A | A_mel_end | B_mel_end | A_recx | B_recx | A_und_A | B_und | B_gen07 | A_gen07_A | text_end | codec_steps | wall
D1 frozen25 s0 (designer) | 139.38 | 177.18 | 189.4 | 0.3328 | 0.1327 | 0.5319 | 0.5319 | 0.6215 | 0.347 | 0.271 | 0.016 | 0.143 | 0.125 | 0.0 | 2.0445 | 0 | 282.1
D1 live25 s0 (designer) | 136.34 | 175.08 | 187.25 | 0.3475 | 0.1377 | 0.5161 | 0.5264 | 0.6144 | 0.229 | 0.188 | 0.0 | 0.095 | 0.071 | 0.021 | 2.0428 | 308 | 375.6
D1 live25free s0 (designer) | 137.41 | 179.93 | 188.6 | 0.3324 | 0.1334 | 0.5508 | 0.5758 | 0.6192 | 0.257 | 0.26 | 0.016 | 0.155 | 0.054 | 0.052 | 2.0475 | 308 | 238.3
D1 frozen25 s1 (designer) | 138.07 | 176.31 | 185.11 | 0.3145 | 0.1316 | 0.5319 | 0.5319 | 0.6215 | 0.347 | 0.271 | 0.047 | 0.155 | 0.018 | 0.01 | 2.0343 | 0 | 201.4
D1 live25 s1 (designer) | 133.8 | 171.08 | 182.28 | 0.3061 | 0.1376 | 0.5236 | 0.5236 | 0.6145 | 0.292 | 0.25 | 0.094 | 0.167 | 0.036 | 0.031 | 2.035 | 308 | 231.9
D1 live25free s1 (designer) | 133.62 | 181.04 | 188.89 | 0.3107 | 0.1244 | 0.5429 | 0.5666 | 0.6141 | 0.299 | 0.26 | 0.094 | 0.262 | 0.089 | 0.021 | 2.0362 | 308 | 237.3
JUDGE d1 frozen25lat_s0 | 116.04 | 169.62 | 165.99 | 0.2962 | 0.0988 | 0.5319 | 0.5319 | 0.6215 | 0.347 | 0.271 | 0.102 | 0.274 | 0.089 | 0.042 | 2.0439 | 0 | 224.5
JUDGE d1 frozen25lat_s1 | 117.62 | 176.53 | 164.35 | 0.3067 | 0.1172 | 0.5319 | 0.5319 | 0.6215 | 0.347 | 0.271 | 0.133 | 0.25 | 0.125 | 0.021 | 2.0354 | 0 | 219.4
JUDGE d1 live25_s0 | 136.34 | 175.08 | 187.25 | 0.3475 | 0.1377 | 0.5161 | 0.5264 | 0.6144 | 0.229 | 0.188 | 0.0 | 0.095 | 0.071 | 0.021 | 2.0428 | 308 | 245.8
JUDGE d1 live25hot_s0 | 142.22 | 188.47 | 181.68 | 0.3358 | 0.1337 | 0.6206 | 0.5456 | 0.5902 | 0.319 | 0.156 | 0.0 | 0.143 | 0.0 | 0.031 | 2.0463 | 1233 | 295.9
JUDGE d1 live25lat_s0 | 114.65 | 167.91 | 163.42 | 0.2912 | 0.0938 | 0.5161 | 0.5264 | 0.6144 | 0.229 | 0.188 | 0.109 | 0.262 | 0.018 | 0.031 | 2.0444 | 308 | 257.3
JUDGE d1 live25lat_s1 | 114.89 | 168.95 | 161.87 | 0.3108 | 0.107 | 0.5236 | 0.5236 | 0.6145 | 0.292 | 0.25 | 0.117 | 0.262 | 0.125 | 0.031 | 2.0269 | 308 | 253.2

arm | t_bps | m_bps | t_mel | m_mel | t_und | m_und | t_gen07 | m_gen07 | text | codec_steps
D3 frozen25_s0 (designer) | 104.661 | 121.452 | 0.5438 | 0.6443 | 0.042 | 0.339 | 0.01 | 0.143 | 2.01 | 0
D3 frozen25c_s0 (designer) | 91.173 | 104.187 | 0.5438 | 0.6443 | 0.188 | 0.411 | 0.021 | 0.167 | 2.0172 | 0
D3 ttc25_s0 (designer) | 111.534 | 131.325 | 0.4712 | 0.567 | 0.094 | 0.268 | 0.042 | 0.048 | 2.0085 | 600
D3 ttc25c_s0 (designer) | 94.918 | 109.593 | 0.4712 | 0.567 | 0.115 | 0.321 | 0.031 | 0.119 | 2.0136 | 600
D3 frozen25_s1 (designer) | 98.947 | 119.125 | 0.5239 | 0.6362 | 0.146 | 0.196 | 0.021 | 0.071 | 2.043 | 0
D3 frozen25c_s1 (designer) | 85.837 | 100.952 | 0.5239 | 0.6362 | 0.135 | 0.25 | 0.021 | 0.143 | 2.02 | 0
D3 ttc25_s1 (designer) | 103.629 | 124.313 | 0.4693 | 0.5684 | 0.073 | 0.25 | 0.042 | 0.143 | 2.0333 | 600
D3 ttc25c_s1 (designer) | 92.769 | 107.263 | 0.4693 | 0.5684 | 0.094 | 0.286 | 0.031 | 0.095 | 2.0229 | 600
D3 live25_s0 (designer) | 112.35 | 131.421 | 0.5131 | 0.5588 | 0.146 | 0.25 | 0.021 | 0.048 | 2.0043 | 600
JUDGE d3 ttc25c_cold_s0 | 92.09 | 106.208 | 0.4897 | 0.6189 | 0.156 | 0.357 | 0.042 | 0.0 | 2.0131 | 150
JUDGE d3 ttc25c_s0 | 94.918 | 109.593 | 0.4712 | 0.567 | 0.115 | 0.321 | 0.031 | 0.119 | 2.0136 | 600
