metric | frozen25 | frozen25c | live25 | ttc25 | ttc25c | ttcN25 | ttcMR | ttcMRc
text bpb after P0 | 2.675 [2.807, 2.544] | 2.675 [2.807, 2.544] | 2.807 [2.807] | 2.675 [2.807, 2.544] | 2.675 [2.807, 2.544] | 2.807 [2.807] | 2.675 [2.807, 2.544] | 2.807 [2.807]
text bpb after P1 | 2.155 [2.158, 2.152] | 2.126 [2.146, 2.106] | 2.133 [2.133] | 2.14 [2.16, 2.12] | 2.118 [2.131, 2.105] | 2.162 [2.162] | 2.122 [2.126, 2.119] | 2.12 [2.12]
text bpb after P2 | 2.026 [2.01, 2.043] | 2.019 [2.017, 2.02] | 2.004 [2.004] | 2.021 [2.009, 2.033] | 2.018 [2.014, 2.023] | 2.006 [2.006] | 2.01 [2.006, 2.014] | 2.003 [2.003]
codec steps total | 0 [0, 0] | 0 [0, 0] | 600 [600] | 600 [600, 600] | 600 [600, 600] | 600 [600] | 600 [600, 600] | 600 [600]
tones after_P1 recon mel | 0.5338 [0.5438, 0.5239] | 0.5338 [0.5438, 0.5239] | 0.5048 [0.5048] | 0.4771 [0.476, 0.4782] | 0.4771 [0.476, 0.4782] | 0.4567 [0.4567] | 0.4492 [0.4519, 0.4465] | 0.4519 [0.4519]
tones after_P1 recon probe exact | 0.2315 [0.259, 0.204] | 0.2315 [0.259, 0.204] | 0.287 [0.287] | 0.2455 [0.222, 0.269] | 0.2455 [0.222, 0.269] | 0.361 [0.361] | 0.3475 [0.389, 0.306] | 0.389 [0.389]
tones after_P1 codes used (eval set) | 445 [474, 416] | 445 [474, 416] | 513 [513] | 462.5 [488, 437] | 462.5 [488, 437] | 535 [535] | 802.5 [803, 802] | 803 [803]
tones after_P1 pos/s | 25 [25, 25] | 25 [25, 25] | 25 [25] | 25 [25, 25] | 25 [25, 25] | 26 [26] | 21.88 [21.6, 22.16] | 21.6 [21.6]
tones after_P1 bits/pos (train combos) | 4.303 [4.445, 4.161] | 3.505 [3.612, 3.399] | 4.784 [4.784] | 4.208 [4.411, 4.006] | 3.492 [3.502, 3.483] | 4.329 [4.329] | 5.753 [5.815, 5.691] | 4.252 [4.252]
tones after_P1 bits/s (train combos) | 108.6 [112, 105.2] | 88.39 [90.8, 85.98] | 120.7 [120.7] | 106.3 [111.1, 101.5] | 88.09 [88.11, 88.07] | 113.8 [113.8] | 125.7 [124.8, 126.5] | 91.21 [91.21]
tones after_P1 understand exact train | 0.0935 [0.062, 0.125] | 0.219 [0.219, 0.219] | 0.135 [0.135] | 0.146 [0.094, 0.198] | 0.1825 [0.219, 0.146] | 0.125 [0.125] | 0.1305 [0.146, 0.115] | 0.417 [0.417]
tones after_P1 understand exact heldout | 0 [0, 0] | 0 [0, 0] | 0 [0] | 0 [0, 0] | 0 [0, 0] | 0 [0] | 0 [0, 0] | 0 [0]
tones after_P1 generate t1.0 exact train | 0.021 [0.021, 0.021] | 0.0415 [0.052, 0.031] | 0.062 [0.062] | 0.0365 [0.042, 0.031] | 0.021 [0.021, 0.021] | 0.042 [0.042] | 0.047 [0.021, 0.073] | 0.031 [0.031]
tones after_P1 generate t1.0 exact heldout | 0 [0, 0] | 0.083 [0.083, 0.083] | 0.083 [0.083] | 0.0835 [0, 0.167] | 0.0415 [0.083, 0] | 0 [0] | 0.0835 [0, 0.167] | 0 [0]
tones after_P1 generate t0.7 exact train | - | - | - | - | - | - | - | -
tones after_P1 WORLD rel mse 40ms | 0.615 [0.624, 0.6061] | 0.615 [0.624, 0.6061] | 0.6232 [0.6232] | 0.6168 [0.6405, 0.5932] | 0.6168 [0.6405, 0.5932] | 0.4902 [0.4902] | 0.5013 [0.4902, 0.5124] | 0.4902 [0.4902]
tones after_P1 WORLD rel mse 200ms | 0.7907 [0.7918, 0.7896] | 0.7907 [0.7918, 0.7896] | 0.7759 [0.7759] | 0.7853 [0.789, 0.7815] | 0.7853 [0.789, 0.7815] | 0.7165 [0.7165] | 0.7126 [0.7165, 0.7087] | 0.7165 [0.7165]
tones after_P1 WORLD target std | 9.242 [9.467, 9.016] | 9.242 [9.467, 9.016] | 9.25 [9.25] | 9.185 [9.489, 8.88] | 9.185 [9.489, 8.88] | 4.38 [4.38] | 4.371 [4.38, 4.362] | 4.38 [4.38]
tones after_P2 recon mel | 0.5338 [0.5438, 0.5239] | 0.5338 [0.5438, 0.5239] | 0.5131 [0.5131] | 0.4703 [0.4712, 0.4693] | 0.4703 [0.4712, 0.4693] | 0.4438 [0.4438] | 0.446 [0.4477, 0.4443] | 0.4477 [0.4477]
tones after_P2 recon probe exact | 0.2315 [0.259, 0.204] | 0.2315 [0.259, 0.204] | 0.315 [0.315] | 0.245 [0.231, 0.259] | 0.245 [0.231, 0.259] | 0.343 [0.343] | 0.3055 [0.278, 0.333] | 0.278 [0.278]
tones after_P2 codes used (eval set) | 445 [474, 416] | 445 [474, 416] | 520 [520] | 489.5 [520, 459] | 489.5 [520, 459] | 524 [524] | 789 [790, 788] | 790 [790]
tones after_P2 pos/s | 25 [25, 25] | 25 [25, 25] | 25 [25] | 25 [25, 25] | 25 [25, 25] | 26 [26] | 22.53 [22.29, 22.77] | 22.29 [22.29]
tones after_P2 bits/pos (train combos) | 4.043 [4.162, 3.925] | 3.511 [3.615, 3.407] | 4.454 [4.454] | 4.27 [4.433, 4.107] | 3.704 [3.761, 3.648] | 4.116 [4.116] | 5.312 [5.396, 5.228] | 4.212 [4.212]
tones after_P2 bits/s (train combos) | 101.8 [104.7, 98.95] | 88.5 [91.17, 85.84] | 112.3 [112.3] | 107.6 [111.5, 103.6] | 93.84 [94.92, 92.77] | 108.6 [108.6] | 119.5 [119.5, 119.5] | 92.95 [92.95]
tones after_P2 understand exact train | 0.094 [0.042, 0.146] | 0.1615 [0.188, 0.135] | 0.146 [0.146] | 0.0835 [0.094, 0.073] | 0.1045 [0.115, 0.094] | 0.073 [0.073] | 0.047 [0.021, 0.073] | 0.125 [0.125]
tones after_P2 understand exact heldout | 0 [0, 0] | 0 [0, 0] | 0 [0] | 0 [0, 0] | 0 [0, 0] | 0 [0] | 0 [0, 0] | 0 [0]
tones after_P2 generate t1.0 exact train | 0.0205 [0.01, 0.031] | 0.078 [0.083, 0.073] | 0.042 [0.042] | 0.026 [0.031, 0.021] | 0.047 [0.052, 0.042] | 0.073 [0.073] | 0.0205 [0.031, 0.01] | 0.062 [0.062]
tones after_P2 generate t1.0 exact heldout | 0 [0, 0] | 0.0415 [0.083, 0] | 0 [0] | 0.0415 [0.083, 0] | 0.0415 [0.083, 0] | 0 [0] | 0.0415 [0, 0.083] | 0 [0]
tones after_P2 generate t0.7 exact train | 0.0155 [0.01, 0.021] | 0.021 [0.021, 0.021] | 0.021 [0.021] | 0.042 [0.042, 0.042] | 0.031 [0.031, 0.031] | 0.01 [0.01] | 0.047 [0.042, 0.052] | 0.021 [0.021]
tones after_P2 WORLD rel mse 40ms | 0.3745 [0.3953, 0.3538] | 0.3745 [0.3953, 0.3538] | 0.4264 [0.4264] | 0.4131 [0.4327, 0.3934] | 0.4131 [0.4327, 0.3934] | 0.3744 [0.3744] | 0.3528 [0.3744, 0.3312] | 0.3744 [0.3744]
tones after_P2 WORLD rel mse 200ms | 0.7067 [0.712, 0.7015] | 0.7067 [0.712, 0.7015] | 0.7184 [0.7184] | 0.7168 [0.7194, 0.7142] | 0.7168 [0.7194, 0.7142] | 0.7249 [0.7249] | 0.7145 [0.7249, 0.704] | 0.7249 [0.7249]
tones after_P2 WORLD target std | 9.242 [9.467, 9.016] | 9.242 [9.467, 9.016] | 8.635 [8.635] | 8.701 [8.895, 8.507] | 8.701 [8.895, 8.507] | 4.151 [4.151] | 4.216 [4.151, 4.281] | 4.151 [4.151]
melody after_P2 recon mel | 0.6402 [0.6443, 0.6362] | 0.6402 [0.6443, 0.6362] | 0.5588 [0.5588] | 0.5677 [0.567, 0.5684] | 0.5677 [0.567, 0.5684] | 0.5659 [0.5659] | 0.5666 [0.561, 0.5722] | 0.561 [0.561]
melody after_P2 recon probe exact | 0.172 [0.203, 0.141] | 0.172 [0.203, 0.141] | 0.188 [0.188] | 0.1405 [0.172, 0.109] | 0.1405 [0.172, 0.109] | 0.109 [0.109] | 0.141 [0.141, 0.141] | 0.141 [0.141]
melody after_P2 codes used (eval set) | 383 [413, 353] | 383 [413, 353] | 469 [469] | 432.5 [465, 400] | 432.5 [465, 400] | 445 [445] | 640.5 [667, 614] | 667 [667]
melody after_P2 pos/s | 25 [25, 25] | 25 [25, 25] | 25 [25] | 25 [25, 25] | 25 [25, 25] | 26 [26] | 25.24 [25.59, 24.89] | 25.59 [25.59]
melody after_P2 bits/pos (train combos) | 4.776 [4.831, 4.722] | 4.076 [4.134, 4.018] | 5.221 [5.221] | 5.084 [5.219, 4.949] | 4.295 [4.34, 4.25] | 4.778 [4.778] | 5.691 [5.63, 5.753] | 4.465 [4.465]
melody after_P2 bits/s (train combos) | 120.3 [121.5, 119.1] | 102.6 [104.2, 101] | 131.4 [131.4] | 127.8 [131.3, 124.3] | 108.4 [109.6, 107.3] | 125.2 [125.2] | 140.6 [141.8, 139.4] | 112.4 [112.4]
melody after_P2 understand exact train | 0.2675 [0.339, 0.196] | 0.3305 [0.411, 0.25] | 0.25 [0.25] | 0.259 [0.268, 0.25] | 0.3035 [0.321, 0.286] | 0.286 [0.286] | 0.259 [0.268, 0.25] | 0.321 [0.321]
melody after_P2 understand exact heldout | 0 [0, 0] | 0 [0, 0] | 0 [0] | 0 [0, 0] | 0 [0, 0] | 0 [0] | 0 [0, 0] | 0 [0]
melody after_P2 generate t1.0 exact train | 0.0475 [0.071, 0.024] | 0.107 [0.143, 0.071] | 0.095 [0.095] | 0.0595 [0.071, 0.048] | 0.131 [0.167, 0.095] | 0.095 [0.095] | 0.071 [0.071, 0.071] | 0.024 [0.024]
melody after_P2 generate t1.0 exact heldout | 0 [0, 0] | 0 [0, 0] | 0.167 [0.167] | 0 [0, 0] | 0 [0, 0] | 0 [0] | 0.1665 [0, 0.333] | 0 [0]
melody after_P2 generate t0.7 exact train | 0.107 [0.143, 0.071] | 0.155 [0.167, 0.143] | 0.048 [0.048] | 0.0955 [0.048, 0.143] | 0.107 [0.119, 0.095] | 0 [0] | 0.0955 [0.048, 0.143] | 0.024 [0.024]
melody after_P2 WORLD rel mse 40ms | 0.2783 [0.301, 0.2557] | 0.2783 [0.301, 0.2557] | 0.3563 [0.3563] | 0.3024 [0.3192, 0.2856] | 0.3024 [0.3192, 0.2856] | 0.3041 [0.3041] | 0.2851 [0.3041, 0.266] | 0.3041 [0.3041]
melody after_P2 WORLD rel mse 200ms | 0.6148 [0.6115, 0.6181] | 0.6148 [0.6115, 0.6181] | 0.5821 [0.5821] | 0.6028 [0.5994, 0.6063] | 0.6028 [0.5994, 0.6063] | 0.5404 [0.5404] | 0.5498 [0.5404, 0.5593] | 0.5404 [0.5404]
melody after_P2 WORLD target std | 8.036 [8.236, 7.836] | 8.036 [8.236, 7.836] | 7.661 [7.661] | 7.601 [7.786, 7.417] | 7.601 [7.786, 7.417] | 3.499 [3.499] | 3.429 [3.499, 3.358] | 3.499 [3.499]
tones: P1 codes decoded by P2 teacher, mel | 0.5338 [0.5438, 0.5239] | 0.5338 [0.5438, 0.5239] | 0.55 [0.55] | 0.4976 [0.4899, 0.5054] | 0.4976 [0.4899, 0.5054] | 0.469 [0.469] | 0.4577 [0.4637, 0.4518] | 0.4637 [0.4637]
tones: P1 codes decoded by P2 teacher, probe exact | 0.2315 [0.259, 0.204] | 0.2315 [0.259, 0.204] | 0.176 [0.176] | 0.2035 [0.194, 0.213] | 0.2035 [0.194, 0.213] | 0.315 [0.315] | 0.301 [0.278, 0.324] | 0.278 [0.278]
tones: P1 codes, LM bits/pos under P2 LM | 4.043 [4.162, 3.925] | 3.511 [3.615, 3.407] | 5.071 [5.071] | 4.398 [4.517, 4.28] | 3.958 [3.97, 3.945] | 4.411 [4.411] | 5.554 [5.661, 5.446] | 4.529 [4.529]
tones: frac positional ids changed P1->P2 | 0 [0, 0] | 0 [0, 0] | 0.66 [0.66] | 0.5006 [0.5041, 0.497] | 0.5006 [0.5041, 0.497] | 0.4615 [0.4615] | 0.7679 [0.8247, 0.7111] | 0.8247 [0.8247]
s/step P0 | 0.1004 [0.0993, 0.1015] | 0.1159 [0.1152, 0.1166] | 0.1 [0.1] | 0.1016 [0.0996, 0.1037] | 0.1125 [0.1109, 0.1141] | 0.1712 [0.1712] | 0.1623 [0.1614, 0.1633] | 0.2085 [0.2085]
s/step P1 | 0.1365 [0.1355, 0.1374] | 0.1423 [0.1307, 0.1539] | 0.1835 [0.1835] | 0.1864 [0.183, 0.1897] | 0.1952 [0.1936, 0.1969] | 0.2863 [0.2863] | 0.2819 [0.2882, 0.2756] | 0.3327 [0.3327]
s/step P2 | 0.1345 [0.1329, 0.136] | 0.1326 [0.1323, 0.1328] | 0.1845 [0.1845] | 0.185 [0.1818, 0.1881] | 0.1988 [0.1974, 0.2003] | 0.2916 [0.2916] | 0.2814 [0.2788, 0.284] | 0.3368 [0.3368]
wall s | 221 [219, 223] | 228 [221, 235] | 279 [279] | 282 [277, 287] | 299 [297, 301] | 428 [428] | 417.5 [419, 416] | 495 [495]

drift on probe set (flip = fraction of 50-fps frame codes changed vs the previous measure, 150 LM windows; d4 = 600 windows):
  frozen25 s0: tones flip_d1 [0.0, 0.0, 0.0, 0.0, 0.0, 0.0, 0.0, 0.0] | tones flip_d4 [0.0, 0.0, 0.0, 0.0, 0.0] | melody flip_d1 [0.0, 0.0, 0.0, 0.0, 0.0, 0.0, 0.0, 0.0]
      tones bits/pos current [6.7919, 5.527, 4.7711, 4.2572, 4.2823, 4.2026, 4.087, 4.0387] | stale(d1) [6.7919, 5.527, 4.7711, 4.2572, 4.2823, 4.2026, 4.087, 4.0387]
  frozen25 s1: tones flip_d1 [0.0, 0.0, 0.0, 0.0, 0.0, 0.0, 0.0, 0.0] | tones flip_d4 [0.0, 0.0, 0.0, 0.0, 0.0] | melody flip_d1 [0.0, 0.0, 0.0, 0.0, 0.0, 0.0, 0.0, 0.0]
      tones bits/pos current [6.051, 5.1257, 4.411, 4.1039, 4.2101, 4.0839, 3.9883, 3.8647] | stale(d1) [6.051, 5.1257, 4.411, 4.1039, 4.2101, 4.0839, 3.9883, 3.8647]
  frozen25c s0: tones flip_d1 [0.0, 0.0, 0.0, 0.0, 0.0, 0.0, 0.0, 0.0] | tones flip_d4 [0.0, 0.0, 0.0, 0.0, 0.0] | melody flip_d1 [0.0, 0.0, 0.0, 0.0, 0.0, 0.0, 0.0, 0.0]
      tones bits/pos current [5.2232, 4.0857, 3.6376, 3.3651, 3.6084, 3.556, 3.4485, 3.426] | stale(d1) [5.2232, 4.0857, 3.6376, 3.3651, 3.6084, 3.556, 3.4485, 3.426]
  frozen25c s1: tones flip_d1 [0.0, 0.0, 0.0, 0.0, 0.0, 0.0, 0.0, 0.0] | tones flip_d4 [0.0, 0.0, 0.0, 0.0, 0.0] | melody flip_d1 [0.0, 0.0, 0.0, 0.0, 0.0, 0.0, 0.0, 0.0]
      tones bits/pos current [4.3919, 3.8819, 3.4811, 3.3047, 3.5192, 3.447, 3.3587, 3.3378] | stale(d1) [4.3919, 3.8819, 3.4811, 3.3047, 3.5192, 3.447, 3.3587, 3.3378]
  live25 s0: tones flip_d1 [0.4744, 0.4256, 0.5556, 0.4822, 0.6544, 0.4211, 0.4111, 0.3178] | tones flip_d4 [0.5456, 0.6556, 0.7178, 0.7867, 0.7] | melody flip_d1 [0.4125, 0.3925, 0.4625, 0.495, 0.7525, 0.4663, 0.3638, 0.3825]
      tones bits/pos current [6.7655, 5.7757, 5.1796, 4.5711, 4.7443, 4.7086, 4.764, 4.3045] | stale(d1) [7.3193, 5.8055, 4.9598, 4.8256, 5.0485, 4.5146, 4.6055, 4.4176]
  ttc25 s0: tones flip_d1 [0.1533, 0.1233, 0.1078, 0.1156, 0.1889, 0.2033, 0.1767, 0.1622] | tones flip_d4 [0.36, 0.3544, 0.3989, 0.4789, 0.5467] | melody flip_d1 [0.105, 0.12, 0.1, 0.1, 0.1787, 0.2075, 0.2338, 0.1963]
      tones bits/pos current [6.847, 5.6224, 4.858, 4.2316, 4.4249, 4.3836, 4.3335, 4.378] | stale(d1) [6.9383, 5.5978, 4.8623, 4.2902, 4.3739, 4.3008, 4.2852, 4.2691]
  ttc25 s1: tones flip_d1 [0.1367, 0.1167, 0.1344, 0.1378, 0.1844, 0.1522, 0.1422, 0.1467] | tones flip_d4 [0.41, 0.4233, 0.4456, 0.4756, 0.4978] | melody flip_d1 [0.16, 0.1475, 0.0875, 0.1063, 0.1813, 0.2463, 0.2163, 0.1875]
      tones bits/pos current [6.0162, 4.9463, 4.1762, 3.8813, 4.0803, 3.9999, 3.8091, 3.7825] | stale(d1) [5.9803, 4.824, 4.1836, 3.8871, 4.0684, 4.0373, 3.7194, 3.737]
  ttc25c s0: tones flip_d1 [0.1533, 0.1233, 0.1078, 0.1156, 0.1889, 0.2033, 0.1767, 0.1622] | tones flip_d4 [0.36, 0.3544, 0.3989, 0.4789, 0.5467] | melody flip_d1 [0.105, 0.12, 0.1, 0.1, 0.1787, 0.2075, 0.2338, 0.1963]
      tones bits/pos current [5.2038, 4.135, 3.6329, 3.3785, 3.6265, 3.6186, 3.6027, 3.5391] | stale(d1) [5.3076, 4.1495, 3.643, 3.3935, 3.6619, 3.5863, 3.5981, 3.5011]
  ttc25c s1: tones flip_d1 [0.1367, 0.1167, 0.1344, 0.1378, 0.1844, 0.1522, 0.1422, 0.1467] | tones flip_d4 [0.41, 0.4233, 0.4456, 0.4756, 0.4978] | melody flip_d1 [0.16, 0.1475, 0.0875, 0.1063, 0.1813, 0.2463, 0.2163, 0.1875]
      tones bits/pos current [4.3824, 3.8655, 3.4105, 3.3392, 3.5714, 3.548, 3.4595, 3.4628] | stale(d1) [4.4075, 3.7972, 3.4297, 3.3402, 3.6099, 3.5605, 3.3988, 3.4517]
  ttcN25 s0: tones flip_d1 [0.1067, 0.1278, 0.0978, 0.0767, 0.1811, 0.1433, 0.1544, 0.1533] | tones flip_d4 [0.3211, 0.3122, 0.3311, 0.4089, 0.4789] | melody flip_d1 [0.1287, 0.095, 0.105, 0.065, 0.1875, 0.22, 0.23, 0.1663]
      tones bits/pos current [6.7982, 5.3159, 4.4136, 3.9619, 3.9676, 3.8225, 3.9828, 4.0841] | stale(d1) [6.8055, 5.3965, 4.4128, 3.959, 4.0157, 3.8449, 3.81, 3.8948]
  ttcMR s0: tones flip_d1 [0.17, 0.1444, 0.1756, 0.1156, 0.2406, 0.1978, 0.2278, 0.1867] | tones flip_d4 [0.4167, 0.3622, 0.3894, 0.5106, 0.565] | melody flip_d1 [0.2113, 0.1819, 0.205, 0.1519, 0.3175, 0.34, 0.3313, 0.2887]
      tones bits/pos current [8.1811, 6.8979, 5.8639, 5.3291, 5.2624, 5.1044, 5.1925, 5.218] | stale(d1) [8.2686, 6.8732, 5.8071, 5.2942, 5.3544, 5.0871, 4.9773, 5.1044]
  ttcMR s1: tones flip_d1 [0.1461, 0.1867, 0.1394, 0.1333, 0.1783, 0.205, 0.1544, 0.1478] | tones flip_d4 [0.4239, 0.415, 0.4206, 0.4528, 0.475] | melody flip_d1 [0.2262, 0.2131, 0.1937, 0.185, 0.2744, 0.3331, 0.2887, 0.2481]
      tones bits/pos current [7.9509, 6.9958, 5.9556, 5.3514, 5.3984, 5.2802, 4.9854, 4.9136] | stale(d1) [8.023, 6.9936, 5.892, 5.25, 5.343, 5.2512, 5.0909, 4.8293]
  ttcMRc s0: tones flip_d1 [0.17, 0.1444, 0.1756, 0.1156, 0.2406, 0.1978, 0.2278, 0.1867] | tones flip_d4 [0.4167, 0.3622, 0.3894, 0.5106, 0.565] | melody flip_d1 [0.2113, 0.1819, 0.205, 0.1519, 0.3175, 0.34, 0.3313, 0.2887]
      tones bits/pos current [6.1111, 4.7129, 4.2215, 4.0263, 4.1489, 4.0343, 4.0433, 4.1196] | stale(d1) [6.2183, 4.6987, 4.2668, 4.0006, 4.2418, 4.0505, 3.9342, 3.9939]
