arm                  mean_gap     gap_hard     gap_easy     gap_cred    gap_false   gap_corrob     gap_late  noise_share  forget_hard  forget_easy Qc_share_tru Wc_share_tru       Qa_acc       Wa_acc probe_overhe
base.s0                 1.635        1.954        1.967        1.269        1.168        1.469        1.986        0.175        0.447        1.389        0.462        0.697        0.986        1.000        0.000
base.s1                 1.665        2.013        2.310        1.270        1.304        1.254        1.839        0.175        0.594        1.650        0.532        0.831        1.000        1.000        0.000
base.s2                 1.621        1.912        1.753        1.237        1.647        1.194        1.985        0.175        0.434        1.231        0.859        0.968        1.000        1.000        0.000
base.mean               1.641        1.960        2.010        1.259        1.373        1.306        1.937        0.175        0.492        1.423        0.617        0.832        0.995        1.000        0.000
base_cm.s0              1.659        2.031        2.262        1.302        1.101        1.381        1.874        0.175        0.550        1.655        0.368        0.753        1.000        1.000        0.000
base_cm.s1              1.554        1.935        1.915        1.234        1.225        1.180        1.833        0.175        0.528        1.376        0.469        0.814        0.972        1.000        0.000
base_cm.mean            1.606        1.983        2.089        1.268        1.163        1.281        1.854        0.175        0.539        1.515        0.419        0.784        0.986        1.000        0.000
full.s0                 1.457        1.918        0.698        1.493        1.395        1.644        1.596        0.087        0.255        0.168        0.568        0.710        0.958        1.000        0.156
full.s1                 1.444        1.720        0.736        1.316        1.902        1.583        1.403        0.088        0.364        0.280        0.805        0.910        1.000        1.000        0.156
full.s2                 1.418        1.545        0.851        1.419        1.707        1.356        1.633        0.111        0.393        0.240        0.869        0.967        1.000        1.000        0.156
full.mean               1.440        1.728        0.762        1.409        1.668        1.528        1.544        0.095        0.337        0.229        0.747        0.862        0.986        1.000        0.156
full_surprise.s0        1.450        1.646        0.749        1.578        1.511        1.602        1.615        0.090        0.250        0.274        0.506        0.730        0.861        1.000        0.156
full_surprise.mean        1.450        1.646        0.749        1.578        1.511        1.602        1.615        0.090        0.250        0.274        0.506        0.730        0.861        1.000        0.156
loss.s0                 1.746        2.020        2.318        1.398        1.369        1.486        1.888        0.218        0.527        1.565        0.451        0.797        0.889        1.000        0.156
loss.s1                 1.685        2.005        2.208        1.319        1.417        1.344        1.817        0.217        0.591        1.406        0.604        0.780        0.972        1.000        0.156
loss.mean               1.716        2.013        2.263        1.358        1.393        1.415        1.853        0.218        0.559        1.486        0.527        0.789        0.931        1.000        0.156
lp.s0                   1.455        1.662        0.786        1.593        1.373        1.646        1.669        0.090        0.286        0.297        0.398        0.625        0.931        1.000        0.156
lp.s1                   1.428        1.666        0.805        1.397        1.696        1.462        1.541        0.094        0.332        0.275        0.679        0.873        0.931        1.000        0.156
lp.s2                   1.430        1.540        0.885        1.503        1.689        1.414        1.550        0.109        0.451        0.184        0.772        0.882        0.958        1.000        0.156
lp.mean                 1.438        1.622        0.826        1.498        1.586        1.508        1.587        0.098        0.356        0.252        0.616        0.794        0.940        1.000        0.156
lp_nofloor.s0           1.469        1.710        0.924        1.534        1.407        1.663        1.575        0.083        0.217        0.220        0.394        0.715        0.833        0.931        0.156
lp_nofloor.mean         1.469        1.710        0.924        1.534        1.407        1.663        1.575        0.083        0.217        0.220        0.394        0.715        0.833        0.931        0.156
lp_train.s0             1.634        1.995        2.123        1.296        1.217        1.386        1.789        0.154        0.535        1.685        0.387        0.831        1.000        1.000        0.000
lp_train.s1             1.700        1.967        2.301        1.320        1.450        1.342        1.820        0.152        0.566        1.850        0.554        0.821        1.000        1.000        0.000
lp_train.mean           1.667        1.981        2.212        1.308        1.333        1.364        1.804        0.153        0.550        1.768        0.470        0.826        1.000        1.000        0.000
replay.s0               1.498        1.812        1.009        1.388        1.308        1.472        2.000        0.165        0.238        0.398        0.492        0.830        0.986        1.000        0.000
replay.s1               1.443        1.755        1.030        1.277        1.386        1.254        1.956        0.165        0.336        0.371        0.582        0.865        0.972        1.000        0.000
replay.s2               1.449        1.729        0.809        1.275        1.635        1.215        2.031        0.165        0.253        0.287        0.846        0.965        0.944        1.000        0.000
replay.mean             1.463        1.765        0.949        1.313        1.443        1.313        1.996        0.165        0.276        0.352        0.640        0.887        0.968        1.000        0.000
trust.s0                1.698        1.973        2.171        1.301        1.324        1.440        1.978        0.175        0.419        1.563        0.435        0.736        1.000        1.000        0.156
trust.s1                1.635        2.017        2.076        1.240        1.505        1.218        1.756        0.175        0.546        1.294        0.604        0.895        0.917        1.000        0.156
trust.mean              1.667        1.995        2.123        1.270        1.415        1.329        1.867        0.175        0.482        1.429        0.519        0.816        0.958        1.000        0.156
trust_claims.s0         1.626        1.899        1.888        1.339        1.218        1.479        1.935        0.175        0.399        1.376        0.411        0.604        0.917        1.000        0.156
trust_claims.mean        1.626        1.899        1.888        1.339        1.218        1.479        1.935        0.175        0.399        1.376        0.411        0.604        0.917        1.000        0.156
trust_fluency.s0        1.536        1.992        1.319        1.231        1.108        1.463        2.101        0.175        0.456        0.879        0.474        0.748        1.000        1.000        0.156
trust_fluency.s1        1.590        1.978        1.975        1.203        1.211        1.257        1.920        0.175        0.594        1.508        0.538        0.826        1.000        1.000        0.156
trust_fluency.mean        1.563        1.985        1.647        1.217        1.159        1.360        2.010        0.175        0.525        1.194        0.506        0.787        1.000        1.000        0.156
trust_surprise.s0        1.729        2.018        2.332        1.362        1.243        1.487        1.934        0.175        0.429        1.711        0.449        0.749        1.000        1.000        0.156
trust_surprise.mean        1.729        2.018        2.332        1.362        1.243        1.487        1.934        0.175        0.429        1.711        0.449        0.749        1.000        1.000        0.156

paired diff vs base (arm - base), per seed:
base_cm          seeds [0, 1]
   mean_gap        +0.023 -0.111
   gap_hard        +0.077 -0.078
   gap_easy        +0.295 -0.395
   gap_cred        +0.033 -0.036
   gap_false       -0.066 -0.080
   gap_corrob      -0.088 -0.074
   gap_late        -0.112 -0.006
   noise_share     +0.000 +0.000
   forget_hard     +0.103 -0.066
   forget_easy     +0.266 -0.274
   Qc_share_true   -0.094 -0.062
   Wc_share_true   +0.056 -0.017
   Qa_acc          +0.014 -0.028
   Wa_acc          +0.000 +0.000
   probe_overhead  +0.000 +0.000
full             seeds [0, 1, 2]
   mean_gap        -0.178 -0.221 -0.203
   gap_hard        -0.035 -0.293 -0.367
   gap_easy        -1.270 -1.573 -0.902
   gap_cred        +0.224 +0.046 +0.181
   gap_false       +0.228 +0.598 +0.060
   gap_corrob      +0.175 +0.330 +0.162
   gap_late        -0.390 -0.436 -0.352
   noise_share     -0.088 -0.087 -0.064
   forget_hard     -0.192 -0.230 -0.041
   forget_easy     -1.221 -1.370 -0.992
   Qc_share_true   +0.106 +0.273 +0.011
   Wc_share_true   +0.013 +0.078 -0.001
   Qa_acc          -0.028 +0.000 +0.000
   Wa_acc          +0.000 +0.000 +0.000
   probe_overhead  +0.156 +0.156 +0.156
full_surprise    seeds [0]
   mean_gap        -0.186
   gap_hard        -0.307
   gap_easy        -1.218
   gap_cred        +0.309
   gap_false       +0.343
   gap_corrob      +0.132
   gap_late        -0.371
   noise_share     -0.085
   forget_hard     -0.198
   forget_easy     -1.114
   Qc_share_true   +0.044
   Wc_share_true   +0.033
   Qa_acc          -0.125
   Wa_acc          +0.000
   probe_overhead  +0.156
loss             seeds [0, 1]
   mean_gap        +0.111 +0.020
   gap_hard        +0.066 -0.008
   gap_easy        +0.351 -0.102
   gap_cred        +0.129 +0.049
   gap_false       +0.201 +0.113
   gap_corrob      +0.017 +0.091
   gap_late        -0.098 -0.022
   noise_share     +0.043 +0.042
   forget_hard     +0.080 -0.002
   forget_easy     +0.176 -0.244
   Qc_share_true   -0.011 +0.072
   Wc_share_true   +0.101 -0.052
   Qa_acc          -0.097 -0.028
   Wa_acc          +0.000 +0.000
   probe_overhead  +0.156 +0.156
lp               seeds [0, 1, 2]
   mean_gap        -0.181 -0.237 -0.191
   gap_hard        -0.292 -0.347 -0.373
   gap_easy        -1.181 -1.505 -0.868
   gap_cred        +0.324 +0.127 +0.266
   gap_false       +0.205 +0.392 +0.042
   gap_corrob      +0.177 +0.209 +0.220
   gap_late        -0.317 -0.298 -0.435
   noise_share     -0.085 -0.081 -0.066
   forget_hard     -0.161 -0.262 +0.017
   forget_easy     -1.092 -1.375 -1.048
   Qc_share_true   -0.064 +0.147 -0.087
   Wc_share_true   -0.072 +0.042 -0.086
   Qa_acc          -0.056 -0.069 -0.042
   Wa_acc          +0.000 +0.000 +0.000
   probe_overhead  +0.156 +0.156 +0.156
lp_nofloor       seeds [0]
   mean_gap        -0.167
   gap_hard        -0.244
   gap_easy        -1.043
   gap_cred        +0.264
   gap_false       +0.240
   gap_corrob      +0.194
   gap_late        -0.411
   noise_share     -0.092
   forget_hard     -0.230
   forget_easy     -1.169
   Qc_share_true   -0.069
   Wc_share_true   +0.019
   Qa_acc          -0.153
   Wa_acc          -0.069
   probe_overhead  +0.156
lp_train         seeds [0, 1]
   mean_gap        -0.001 +0.035
   gap_hard        +0.042 -0.046
   gap_easy        +0.156 -0.009
   gap_cred        +0.027 +0.050
   gap_false       +0.050 +0.145
   gap_corrob      -0.084 +0.088
   gap_late        -0.197 -0.019
   noise_share     -0.021 -0.023
   forget_hard     +0.088 -0.028
   forget_easy     +0.296 +0.200
   Qc_share_true   -0.075 +0.022
   Wc_share_true   +0.134 -0.010
   Qa_acc          +0.014 +0.000
   Wa_acc          +0.000 +0.000
   probe_overhead  +0.000 +0.000
replay           seeds [0, 1, 2]
   mean_gap        -0.137 -0.222 -0.172
   gap_hard        -0.142 -0.258 -0.183
   gap_easy        -0.958 -1.279 -0.945
   gap_cred        +0.119 +0.007 +0.038
   gap_false       +0.141 +0.081 -0.012
   gap_corrob      +0.003 -0.000 +0.021
   gap_late        +0.014 +0.117 +0.046
   noise_share     -0.010 -0.010 -0.010
   forget_hard     -0.209 -0.258 -0.182
   forget_easy     -0.991 -1.279 -0.945
   Qc_share_true   +0.030 +0.050 -0.013
   Wc_share_true   +0.134 +0.034 -0.004
   Qa_acc          +0.000 -0.028 -0.056
   Wa_acc          +0.000 +0.000 +0.000
   probe_overhead  +0.000 +0.000 +0.000
trust            seeds [0, 1]
   mean_gap        +0.063 -0.030
   gap_hard        +0.020 +0.004
   gap_easy        +0.204 -0.234
   gap_cred        +0.032 -0.030
   gap_false       +0.157 +0.201
   gap_corrob      -0.029 -0.036
   gap_late        -0.007 -0.083
   noise_share     +0.000 +0.000
   forget_hard     -0.028 -0.047
   forget_easy     +0.174 -0.356
   Qc_share_true   -0.028 +0.072
   Wc_share_true   +0.040 +0.064
   Qa_acc          +0.014 -0.083
   Wa_acc          +0.000 +0.000
   probe_overhead  +0.156 +0.156
trust_claims     seeds [0]
   mean_gap        -0.009
   gap_hard        -0.055
   gap_easy        -0.079
   gap_cred        +0.070
   gap_false       +0.051
   gap_corrob      +0.009
   gap_late        -0.051
   noise_share     +0.000
   forget_hard     -0.048
   forget_easy     -0.013
   Qc_share_true   -0.052
   Wc_share_true   -0.093
   Qa_acc          -0.069
   Wa_acc          +0.000
   probe_overhead  +0.156
trust_fluency    seeds [0, 1]
   mean_gap        -0.100 -0.075
   gap_hard        +0.038 -0.035
   gap_easy        -0.648 -0.335
   gap_cred        -0.038 -0.067
   gap_false       -0.059 -0.094
   gap_corrob      -0.006 +0.003
   gap_late        +0.115 +0.080
   noise_share     +0.000 +0.000
   forget_hard     +0.008 +0.000
   forget_easy     -0.510 -0.142
   Qc_share_true   +0.012 +0.006
   Wc_share_true   +0.051 -0.006
   Qa_acc          +0.014 +0.000
   Wa_acc          +0.000 +0.000
   probe_overhead  +0.156 +0.156
trust_surprise   seeds [0]
   mean_gap        +0.094
   gap_hard        +0.064
   gap_easy        +0.365
   gap_cred        +0.093
   gap_false       +0.076
   gap_corrob      +0.017
   gap_late        -0.052
   noise_share     +0.000
   forget_hard     -0.018
   forget_easy     +0.322
   Qc_share_true   -0.014
   Wc_share_true   +0.052
   Qa_acc          +0.014
   Wa_acc          +0.000
   probe_overhead  +0.156
