
== mean6  (seeds [0, 3, 4]) | diff vs base | diff vs m27
  base           1.751   1.655   1.621 | +0.000 +0.000 +0.000 | +0.317 +0.178 +0.226
  focus          1.467   1.468   1.391 | -0.284 -0.188 -0.231 | +0.033 -0.009 -0.004
  m27            1.434   1.477   1.395 | -0.317 -0.178 -0.226 | +0.000 +0.000 +0.000
  fulltd         1.536   1.495   1.485 | -0.215 -0.160 -0.136 | +0.102 +0.018 +0.090
  tags           1.736   1.747   1.658 | -0.015 +0.092 +0.037 | +0.303 +0.270 +0.263
  lp             1.455   1.438   1.468 | -0.296 -0.217 -0.154 | +0.021 -0.039 +0.073
  lp_train       1.634   1.615   1.609 | -0.116 -0.040 -0.012 | +0.201 +0.138 +0.214
  fulltd_tags    1.622   1.539   1.577 | -0.129 -0.116 -0.045 | +0.188 +0.062 +0.181
  act6           1.500   1.483   1.459 | -0.250 -0.172 -0.163 | +0.067 +0.006 +0.063
  d1replay20      None   1.556   1.437 |    -   -0.099 -0.184 |    -   +0.079 +0.042
  d3replay20      None   1.480   1.402 |    -   -0.175 -0.220 |    -   +0.003 +0.006
  mf_base        1.666   1.713   1.624 | -0.085 +0.058 +0.003 | +0.232 +0.236 +0.229
  mf_trust_td    1.777   1.918   1.640 | +0.026 +0.263 +0.019 | +0.343 +0.441 +0.245

== mean5  (seeds [0, 3, 4]) | diff vs base | diff vs m27
  base           1.854   1.654   1.674 | +0.000 +0.000 +0.000 | +0.397 +0.200 +0.278
  focus          1.478   1.459   1.419 | -0.376 -0.195 -0.255 | +0.021 +0.005 +0.023
  m27            1.457   1.454   1.396 | -0.397 -0.200 -0.278 | +0.000 +0.000 +0.000
  fulltd         1.422   1.385   1.337 | -0.432 -0.268 -0.337 | -0.036 -0.068 -0.059
  tags           1.809   1.761   1.711 | -0.045 +0.107 +0.037 | +0.352 +0.307 +0.316
  lp             1.471   1.403   1.452 | -0.383 -0.251 -0.222 | +0.014 -0.051 +0.057
  lp_train       1.718   1.629   1.653 | -0.136 -0.025 -0.021 | +0.260 +0.175 +0.257
  fulltd_tags    1.521   1.420   1.470 | -0.333 -0.234 -0.204 | +0.064 -0.033 +0.074
  act6           1.383   1.354   1.323 | -0.471 -0.300 -0.351 | -0.074 -0.100 -0.073
  d1replay20      None   1.530   1.452 |    -   -0.124 -0.222 |    -   +0.076 +0.056
  d3replay20      None   1.460   1.404 |    -   -0.194 -0.270 |    -   +0.006 +0.008
  mf_base        1.753   1.726   1.678 | -0.101 +0.072 +0.004 | +0.296 +0.272 +0.282
  mf_trust_td    1.894   1.972   1.713 | +0.040 +0.318 +0.040 | +0.437 +0.518 +0.318

== late  (seeds [0, 3, 4]) | diff vs base | diff vs m27
  base           1.928   1.955   1.841 | +0.000 +0.000 +0.000 | -0.293 -0.160 -0.219
  focus          1.839   1.825   1.799 | -0.089 -0.130 -0.042 | -0.382 -0.290 -0.261
  m27            2.221   2.114   2.060 | +0.293 +0.160 +0.219 | +0.000 +0.000 +0.000
  fulltd         1.893   1.788   1.753 | -0.035 -0.166 -0.088 | -0.328 -0.326 -0.307
  tags           2.021   1.979   1.944 | +0.093 +0.024 +0.104 | -0.200 -0.136 -0.115
  lp             1.669   1.606   1.626 | -0.259 -0.348 -0.214 | -0.553 -0.508 -0.434
  lp_train       1.789   1.901   1.889 | -0.139 -0.054 +0.048 | -0.433 -0.213 -0.171
  fulltd_tags    1.907   1.875   1.889 | -0.021 -0.079 +0.049 | -0.314 -0.239 -0.171
  act6           1.868   1.791   1.771 | -0.060 -0.164 -0.070 | -0.353 -0.323 -0.289
  d1replay20      None   1.989   1.922 |    -   +0.035 +0.081 |    -   -0.125 -0.138
  d3replay20      None   2.073   2.020 |    -   +0.119 +0.179 |    -   -0.041 -0.040
  mf_base        1.938   1.948   1.880 | +0.010 -0.006 +0.039 | -0.283 -0.166 -0.180
  mf_trust_td    1.887   1.904   1.862 | -0.041 -0.051 +0.021 | -0.334 -0.211 -0.198

== fh  (seeds [0, 3, 4]) | diff vs base | diff vs m27
  base           0.449   0.306   0.420 | +0.000 +0.000 +0.000 | +0.398 +0.287 +0.383
  focus          0.251   0.142   0.205 | -0.198 -0.164 -0.215 | +0.200 +0.123 +0.168
  m27            0.051   0.019   0.037 | -0.398 -0.287 -0.383 | +0.000 +0.000 +0.000
  fulltd         0.229   0.237   0.205 | -0.220 -0.069 -0.215 | +0.178 +0.218 +0.169
  tags           0.490   0.243   0.280 | +0.041 -0.063 -0.141 | +0.439 +0.224 +0.243
  lp             0.286   0.269   0.233 | -0.163 -0.037 -0.187 | +0.235 +0.250 +0.197
  lp_train       0.535   0.297   0.429 | +0.087 -0.009 +0.008 | +0.484 +0.278 +0.392
  fulltd_tags    0.277   0.199   0.318 | -0.172 -0.108 -0.102 | +0.226 +0.180 +0.281
  act6           0.257   0.229   0.239 | -0.192 -0.077 -0.181 | +0.206 +0.210 +0.202
  d1replay20      None   0.195   0.200 |    -   -0.111 -0.221 |    -   +0.176 +0.163
  d3replay20      None   0.083   0.103 |    -   -0.224 -0.317 |    -   +0.064 +0.066
  mf_base        0.445   0.338   0.416 | -0.004 +0.031 -0.004 | +0.394 +0.319 +0.379
  mf_trust_td    0.508   0.406   0.379 | +0.060 +0.100 -0.042 | +0.457 +0.387 +0.342

== fe  (seeds [0, 3, 4]) | diff vs base | diff vs m27
  base           1.871   0.895   1.310 | +0.000 +0.000 +0.000 | +1.868 +0.892 +1.300
  focus          0.010  -0.027   0.041 | -1.861 -0.922 -1.269 | +0.007 -0.030 +0.031
  m27            0.003   0.003   0.010 | -1.868 -0.892 -1.300 | +0.000 +0.000 +0.000
  fulltd         0.003   0.025   0.011 | -1.868 -0.870 -1.298 | +0.000 +0.022 +0.002
  tags           1.585   1.157   1.330 | -0.286 +0.263 +0.020 | +1.582 +1.154 +1.320
  lp             0.297   0.071   0.165 | -1.573 -0.824 -1.145 | +0.294 +0.068 +0.155
  lp_train       1.685   1.131   1.228 | -0.186 +0.236 -0.082 | +1.682 +1.128 +1.218
  fulltd_tags    0.053   0.068   0.015 | -1.817 -0.827 -1.295 | +0.050 +0.065 +0.005
  act6           0.004  -0.012   0.005 | -1.867 -0.907 -1.305 | +0.001 -0.015 -0.005
  d1replay20      None   0.269   0.242 |    -   -0.626 -1.068 |    -   +0.266 +0.232
  d3replay20      None   0.026   0.041 |    -   -0.869 -1.269 |    -   +0.023 +0.031
  mf_base        1.480   1.084   1.160 | -0.391 +0.190 -0.149 | +1.477 +1.081 +1.151
  mf_trust_td    1.891   2.093   1.162 | +0.021 +1.199 -0.148 | +1.888 +2.090 +1.152

== noise  (seeds [0, 3, 4]) | diff vs base | diff vs m27
  base           0.189   0.155   0.223 | +0.000 +0.000 +0.000 | -0.077 -0.102 -0.070
  focus          0.361   0.348   0.438 | +0.171 +0.193 +0.215 | +0.095 +0.091 +0.145
  m27            0.266   0.257   0.293 | +0.077 +0.102 +0.070 | +0.000 +0.000 +0.000
  fulltd         0.300   0.330   0.407 | +0.110 +0.175 +0.185 | +0.034 +0.073 +0.114
  tags           0.297   0.204   0.403 | +0.107 +0.049 +0.181 | +0.031 -0.054 +0.110
  lp             0.421   0.348   0.427 | +0.231 +0.193 +0.204 | +0.155 +0.091 +0.134
  lp_train       0.285   0.254   0.266 | +0.095 +0.099 +0.043 | +0.019 -0.003 -0.027
  fulltd_tags    0.312   0.353   0.394 | +0.122 +0.198 +0.172 | +0.046 +0.096 +0.102
  act6           0.336   0.334   0.420 | +0.147 +0.179 +0.197 | +0.070 +0.076 +0.127
  d1replay20      None   0.172   0.273 |    -   +0.017 +0.050 |    -   -0.085 -0.020
  d3replay20      None   0.236   0.260 |    -   +0.081 +0.037 |    -   -0.022 -0.033
  mf_base        0.208   0.169   0.236 | +0.019 +0.014 +0.013 | -0.058 -0.088 -0.057
  mf_trust_td    0.206   0.179   0.221 | +0.017 +0.024 -0.002 | -0.060 -0.079 -0.072

== Qc  (seeds [0, 3, 4]) | diff vs base | diff vs m27
  base           0.417   0.250   0.625 | +0.000 +0.000 +0.000 | +0.000 -0.125 +0.125
  focus          0.250   0.208   0.083 | -0.167 -0.042 -0.542 | -0.167 -0.167 -0.417
  m27            0.417   0.375   0.500 | +0.000 +0.125 -0.125 | +0.000 +0.000 +0.000
  fulltd         0.708   0.583   0.917 | +0.292 +0.333 +0.292 | +0.292 +0.208 +0.417
  tags           0.750   0.458   0.667 | +0.333 +0.208 +0.042 | +0.333 +0.083 +0.167
  lp             0.250   0.292   0.542 | -0.167 +0.042 -0.083 | -0.167 -0.083 +0.042
  lp_train       0.250   0.458   0.333 | -0.167 +0.208 -0.292 | -0.167 +0.083 -0.167
  fulltd_tags    0.750   0.542   0.542 | +0.333 +0.292 -0.083 | +0.333 +0.167 +0.042
  act6           0.792   0.625   0.708 | +0.375 +0.375 +0.083 | +0.375 +0.250 +0.208
  d1replay20      None   0.292   0.583 |    -   +0.042 -0.042 |    -   -0.083 +0.083
  d3replay20      None   0.417   0.500 |    -   +0.167 -0.125 |    -   +0.042 +0.000
  mf_base        0.333   0.208   0.292 | -0.083 -0.042 -0.333 | -0.083 -0.167 -0.208
  mf_trust_td    0.125   0.167   0.250 | -0.292 -0.083 -0.375 | -0.292 -0.208 -0.250

== Qc_sh  (seeds [0, 3, 4]) | diff vs base | diff vs m27
  base           0.450   0.485   0.535 | +0.000 +0.000 +0.000 | +0.040 -0.007 +0.015
  focus          0.346   0.329   0.266 | -0.104 -0.155 -0.269 | -0.065 -0.162 -0.254
  m27            0.411   0.491   0.520 | -0.040 +0.007 -0.015 | +0.000 +0.000 +0.000
  fulltd         0.739   0.676   0.846 | +0.288 +0.192 +0.311 | +0.328 +0.185 +0.326
  tags           0.623   0.559   0.580 | +0.173 +0.074 +0.046 | +0.213 +0.067 +0.060
  lp             0.392   0.422   0.603 | -0.059 -0.063 +0.068 | -0.019 -0.070 +0.082
  lp_train       0.383   0.568   0.469 | -0.067 +0.083 -0.066 | -0.027 +0.076 -0.051
  fulltd_tags    0.800   0.731   0.663 | +0.350 +0.246 +0.128 | +0.389 +0.240 +0.143
  act6           0.803   0.817   0.816 | +0.353 +0.332 +0.281 | +0.392 +0.326 +0.296
  d1replay20      None   0.460   0.539 |    -   -0.024 +0.004 |    -   -0.031 +0.019
  d3replay20      None   0.503   0.494 |    -   +0.019 -0.040 |    -   +0.012 -0.026
  mf_base        0.477   0.491   0.447 | +0.027 +0.006 -0.088 | +0.066 -0.001 -0.073
  mf_trust_td    0.271   0.365   0.353 | -0.179 -0.120 -0.181 | -0.140 -0.127 -0.167

== Wc  (seeds [0, 3, 4]) | diff vs base | diff vs m27
  base           0.917   0.875   0.917 | +0.000 +0.000 +0.000 | -0.042 -0.042 -0.042
  focus          0.833   0.667   0.792 | -0.083 -0.208 -0.125 | -0.125 -0.250 -0.167
  m27            0.958   0.917   0.958 | +0.042 +0.042 +0.042 | +0.000 +0.000 +0.000
  fulltd         1.000   0.958   0.958 | +0.083 +0.083 +0.042 | +0.042 +0.042 +0.000
  tags           0.958   0.917   0.958 | +0.042 +0.042 +0.042 | +0.000 +0.000 +0.000
  lp             0.708   0.875   0.875 | -0.208 +0.000 -0.042 | -0.250 -0.042 -0.083
  lp_train       1.000   0.875   0.958 | +0.083 +0.000 +0.042 | +0.042 -0.042 +0.000
  fulltd_tags    1.000   0.958   0.875 | +0.083 +0.083 -0.042 | +0.042 +0.042 -0.083
  act6           0.917   0.958   1.000 | +0.000 +0.083 +0.083 | -0.042 +0.042 +0.042
  d1replay20      None   0.875   0.917 |    -   +0.000 +0.000 |    -   -0.042 -0.042
  d3replay20      None   0.958   0.958 |    -   +0.083 +0.042 |    -   +0.042 +0.000
  mf_base        0.250   0.042   0.167 | -0.667 -0.833 -0.750 | -0.708 -0.875 -0.792
  mf_trust_td    0.083   0.000   0.000 | -0.833 -0.875 -0.917 | -0.875 -0.917 -0.958

== Qa  (seeds [0, 3, 4]) | diff vs base | diff vs m27
  base           1.000   0.833   1.000 | +0.000 +0.000 +0.000 | +0.000 -0.167 +0.042
  focus          0.875   0.958   1.000 | -0.125 +0.125 +0.000 | -0.125 -0.042 +0.042
  m27            1.000   1.000   0.958 | +0.000 +0.167 -0.042 | +0.000 +0.000 +0.000
  fulltd         0.917   0.792   1.000 | -0.083 -0.042 +0.000 | -0.083 -0.208 +0.042
  tags           0.917   0.833   0.958 | -0.083 +0.000 -0.042 | -0.083 -0.167 +0.000
  lp             0.917   1.000   0.917 | -0.083 +0.167 -0.083 | -0.083 +0.000 -0.042
  lp_train       1.000   0.917   1.000 | +0.000 +0.083 +0.000 | +0.000 -0.083 +0.042
  fulltd_tags    0.792   0.750   0.833 | -0.208 -0.083 -0.167 | -0.208 -0.250 -0.125
  act6           1.000   0.958   0.958 | +0.000 +0.125 -0.042 | +0.000 -0.042 +0.000
  d1replay20      None   0.667   1.000 |    -   -0.167 +0.000 |    -   -0.333 +0.042
  d3replay20      None   0.917   0.958 |    -   +0.083 -0.042 |    -   -0.083 +0.000
  mf_base        0.958   0.875   1.000 | -0.042 +0.042 +0.000 | -0.042 -0.125 +0.042
  mf_trust_td    0.958   0.667   1.000 | -0.042 -0.167 +0.000 | -0.042 -0.333 +0.042

== mean6_tag  (seeds [0, 3, 4]) | diff vs base | diff vs m27
  tags           1.352   1.481   1.286 |    -      -      -   |    -      -      -  
  fulltd_tags    1.449   1.416   1.389 |    -      -      -   |    -      -      -  

== mean5_tag  (seeds [0, 3, 4]) | diff vs base | diff vs m27
  tags           1.416   1.475   1.332 |    -      -      -   |    -      -      -  
  fulltd_tags    1.335   1.292   1.270 |    -      -      -   |    -      -      -  

== trustQc  (seeds [0, 3, 4]) | diff vs base | diff vs m27
  tags           0.958   0.833   0.833 |    -      -      -   |    -      -      -  
  fulltd_tags    0.917   0.917   0.875 |    -      -      -   |    -      -      -  

== td_trusted  (seeds [0, 3, 4]) | diff vs base | diff vs m27
  tags           tag_c   tag_c   tag_c |    -      -      -   |    -      -      -  
  fulltd_tags    tag_c   tag_c   tag_c |    -      -      -   |    -      -      -  

== rho3  (seeds [0, 3, 4]) | diff vs base | diff vs m27
  focus          0.279   0.279   0.281 |    -      -      -   |    -      -      -  
  fulltd         0.286   0.286   0.292 |    -      -      -   |    -      -      -  
  fulltd_tags    0.181   0.206   0.225 |    -      -      -   |    -      -      -  
  act6           0.276   0.283   0.285 |    -      -      -   |    -      -      -  

== tl0  (seeds [0, 3, 4]) | diff vs base | diff vs m27
  fulltd       (100, 48, 0.02, 0.98) (100, 48, 0.02, 0.98) (100, 47, 0.02, 0.98) |    -      -      -   |    -      -      -  
  fulltd_tags  (100, 48, 0.02, 0.98) (100, 48, 0.02, 0.98) (100, 47, 0.02, 0.98) |    -      -      -   |    -      -      -  
  act6         (100, 48, 0.02, 0.98) (100, 48, 0.02, 0.98) (100, 46, 0.021, 0.979) |    -      -      -   |    -      -      -  
  mf_trust_td  (100, 48, 0.98, 0.02) (100, 47, 0.98, 0.02) (100, 46, 0.979, 0.021) |    -      -      -   |    -      -      -  
