who/arm                        s ok  mean6  mean5  noise   cred  false   late     fe     fh noise_draw     Qc  Qc_sh     Qa     Wa  tag:mean6 mean5 noise trustQc
d1/base_cm                     0 Y   1.659  1.770  0.232  1.302  1.101  1.874  1.655  0.550  0.175  0.333  0.379  1.000  1.000
d1/base_cm                     1 Y   1.554  1.619  0.306  1.234  1.225  1.833  1.376  0.528  0.175  0.542  0.484  0.958  1.000
d1/base                        0 N   1.635  1.729  0.219  1.269  1.168  1.986  1.389  0.447  0.175  0.500  0.473  0.958  1.000
d1/base                        1 Y   1.665  1.737  0.286  1.270  1.304  1.839  1.650  0.594  0.175  0.583  0.536  1.000  1.000
d1/base                        2 Y   1.621  1.616  0.184  1.237  1.647  1.985  1.231  0.434  0.175  0.917  0.870  1.000  1.000
d1/full                        0 N   1.457  1.470  0.422  1.493  1.395  1.596  0.168  0.255  0.087  0.417  0.562  0.917  1.000
d1/full                        1 Y   1.444  1.352  0.491  1.316  1.902  1.403  0.280  0.364  0.088  0.875  0.809  1.000  1.000
d1/full                        2 Y   1.418  1.361  0.370  1.419  1.707  1.633  0.240  0.393  0.111  0.917  0.883  1.000  1.000
d1/full_surprise               0 Y   1.450  1.438  0.434  1.578  1.511  1.615  0.274  0.250  0.090  0.500  0.501  0.875  1.000
d1/loss                        0 Y   1.746  1.822  0.178  1.398  1.369  1.888  1.565  0.527  0.218  0.500  0.458  0.917  1.000
d1/loss                        1 Y   1.685  1.739  0.210  1.319  1.417  1.817  1.406  0.591  0.217  0.625  0.611  0.958  1.000
d1/lp_nofloor                  0 Y   1.469  1.481  0.395  1.534  1.407  1.575  0.220  0.217  0.083  0.292  0.400  0.833  0.917
d1/lp                          0 Y   1.455  1.471  0.421  1.593  1.373  1.669  0.297  0.286  0.090  0.250  0.392  0.917  1.000
d1/lp                          1 Y   1.428  1.374  0.459  1.397  1.696  1.541  0.275  0.332  0.094  0.542  0.676  0.917  1.000
d1/lp                          2 Y   1.430  1.378  0.394  1.503  1.689  1.550  0.184  0.451  0.109  0.708  0.781  0.958  1.000
d1/lp_train                    0 Y   1.634  1.718  0.285  1.296  1.217  1.789  1.685  0.535  0.154  0.250  0.383  1.000  1.000
d1/lp_train                    1 Y   1.700  1.750  0.275  1.320  1.450  1.820  1.850  0.566  0.152  0.458  0.564  1.000  1.000
d1/replay                      0 Y   1.498  1.536  0.221  1.388  1.308  2.000  0.398  0.238  0.165  0.417  0.498  1.000  1.000
d1/replay                      1 Y   1.443  1.454  0.323  1.277  1.386  1.956  0.371  0.336  0.165  0.583  0.585  0.958  1.000
d1/replay                      2 Y   1.449  1.412  0.193  1.275  1.635  2.031  0.287  0.253  0.165  0.917  0.856  0.958  1.000
d1/trust_claims                0 Y   1.626  1.708  0.248  1.339  1.218  1.935  1.376  0.399  0.175  0.292  0.409  0.917  1.000
d1/trust_fluency               0 Y   1.536  1.621  0.391  1.231  1.108  2.101  0.879  0.456  0.175  0.458  0.468  1.000  1.000
d1/trust_fluency               1 Y   1.590  1.666  0.498  1.203  1.211  1.920  1.508  0.594  0.175  0.458  0.543  1.000  1.000
d1/trust                       0 Y   1.698  1.773  0.169  1.301  1.324  1.978  1.563  0.419  0.175  0.375  0.442  1.000  1.000
d1/trust                       1 Y   1.635  1.661  0.292  1.240  1.505  1.756  1.294  0.546  0.175  0.542  0.609  0.917  1.000
d1/trust_surprise              0 Y   1.729  1.827  0.194  1.362  1.243  1.934  1.711  0.429  0.175  0.542  0.453  1.000  1.000
d2/base_repeat                 0 Y   1.751  1.854  0.189  1.352  1.234  1.928  1.871  0.449  0.175  0.417  0.450  1.000  1.000
d2/base                        0 Y   1.751  1.854  0.189  1.352  1.234  1.928  1.871  0.449  0.175  0.417  0.450  1.000  1.000
d2/base                        1 Y   1.665  1.737  0.286  1.270  1.304  1.839  1.650  0.594  0.175  0.583  0.536  1.000  1.000
d2/base                        2 Y   1.621  1.616  0.184  1.237  1.647  1.985  1.231  0.434  0.175  0.917  0.870  1.000  1.000
d2/loss                        0 Y   1.716  1.797  0.143  1.308  1.308  1.947  1.466  0.428  0.175  0.458  0.465  1.000  1.000
d2/loss                        1 Y   1.661  1.713  0.209  1.311  1.398  1.850  1.200  0.512  0.175  0.625  0.551  1.000  0.958
d2/loss                        2 Y   1.709  1.729  0.171  1.328  1.607  2.000  1.349  0.377  0.175  0.667  0.635  0.958  1.000
d2/sel_pos                     0 Y   2.054  2.053  0.072  1.854  2.057  2.274  0.027  0.007  0.175  0.500  0.502  0.500  1.000
d2/sel_pos                     1 Y   2.021  2.004  0.066  1.782  2.107  2.272  0.026  0.007  0.175  0.292  0.505  0.667  1.000
d2/sel_pos                     2 Y   1.898  1.938  0.084  1.814  1.701  2.225  0.074  0.003  0.175  0.542  0.569  0.667  0.958
d2/sel                         0 Y   1.815  1.839  0.323  1.628  1.694  2.249  0.606  0.220  0.175  0.417  0.512  0.958  0.958
d2/sel                         1 Y   1.713  1.724  0.278  1.510  1.658  2.189  0.521  0.239  0.175  0.458  0.513  1.000  1.000
d2/sel                         2 Y   1.697  1.703  0.233  1.447  1.666  2.140  0.896  0.179  0.175  0.958  0.790  1.000  1.000
d2/tags_nodrop                 0 Y   2.246  2.250  0.425  1.972  2.225  2.177  0.206  0.279  0.175  0.125  0.514  0.458  0.667   1.271  1.338  0.015 1.0
d2/tags_nodrop                 1 Y   2.214  2.226  0.563  1.950  2.156  2.172  0.188  0.081  0.175  0.292  0.644  0.500  0.750   1.283  1.327  0.027 1.0
d2/tags_nodrop                 2 Y   2.064  1.983  0.458  1.595  2.471  2.027 -0.067  0.190  0.175  0.333  0.527  0.500  1.000   1.397  1.262  0.009 1.0
d2/tags                        0 Y   1.736  1.809  0.297  1.323  1.370  2.021  1.585  0.490  0.175  0.750  0.623  0.917  1.000   1.352  1.416  0.030 0.9583333333333334
d2/tags                        1 Y   1.757  1.822  0.381  1.326  1.430  1.938  1.656  0.388  0.175  0.583  0.586  1.000  1.000   1.337  1.362  0.033 0.9166666666666666
d2/tags                        2 Y   1.670  1.668  0.377  1.288  1.681  1.998  1.317  0.420  0.175  0.917  0.814  1.000  1.000   1.425  1.352  0.011 1.0
d2/tags_sel                    0 Y   1.891  1.916  0.300  1.643  1.766  2.344  0.937  0.162  0.175  0.500  0.497  0.958  1.000   1.669  1.692  0.188 0.7083333333333334
d2/tags_sel                    1 Y   1.833  1.844  0.379  1.654  1.780  2.159  0.774  0.063  0.175  0.458  0.492  0.875  0.958   1.611  1.598  0.193 0.7083333333333334
d2/tags_sel                    2 Y   1.761  1.778  0.286  1.610  1.677  2.183  0.979  0.192  0.175  0.875  0.769  1.000  1.000   1.596  1.557  0.153 1.0
d3/base                        0 Y   1.751  1.854  0.189  1.352  1.234  1.928  1.871  0.449  0.175  0.417  0.450  1.000  1.000
d3/base                        1 Y   1.665  1.737  0.286  1.270  1.304  1.839  1.650  0.594  0.175  0.583  0.536  1.000  1.000
d3/focus_nomir                 0 Y   1.462  1.493  0.365  1.629  1.306  1.845 -0.015  0.230  0.101  0.167  0.293  0.958  0.958
d3/focus_nomir                 1 Y   1.324  1.334  0.449  1.414  1.273  1.730 -0.009  0.213  0.104  0.417  0.471  0.958  1.000
d3/focus                       0 Y   1.467  1.478  0.361  1.596  1.409  1.839  0.010  0.251  0.104  0.250  0.346  0.875  1.000
d3/focus                       1 Y   1.326  1.338  0.473  1.434  1.271  1.727 -0.001  0.212  0.104  0.333  0.396  0.958  1.000
d3/full_c08                    0 Y   1.467  1.478  0.361  1.596  1.409  1.839  0.010  0.251  0.104  0.250  0.346  0.875  1.000
d3/full_c08                    1 Y   1.326  1.338  0.473  1.434  1.271  1.727 -0.001  0.212  0.104  0.333  0.396  0.958  1.000
d3/full                        0 Y   1.487  1.559  0.359  1.461  1.126  1.815  0.042 -0.052  0.120  0.167  0.242  0.958  1.000
d3/full                        1 Y   1.375  1.442  0.451  1.347  1.041  1.685  0.037 -0.014  0.119  0.250  0.415  1.000  1.000
d3/fulltd                      0 Y   1.536  1.422  0.300  1.418  2.107  1.893  0.003  0.229  0.106  0.708  0.739  0.917  1.000
d3/fulltd                      1 Y   1.452  1.319  0.408  1.414  2.115  1.736  0.011  0.326  0.114  0.708  0.802  0.875  1.000
d3/mf_base                     0 Y   1.666  1.753  0.208  1.304  1.231  1.938  1.480  0.445  0.175  0.333  0.477  0.958  1.000
d3/mf_trust_td                 0 Y   1.777  1.894  0.206  1.612  1.190  1.887  1.891  0.508  0.175  0.125  0.271  0.958  1.000
d3/rehearse                    0 Y   1.442  1.462  0.219  1.400  1.342  2.054  0.070  0.096  0.163  0.417  0.512  0.833  1.000
d3/rehearse                    1 Y   1.339  1.342  0.352  1.294  1.322  2.065  0.022  0.074  0.164  0.500  0.576  1.000  1.000
d3/replay_fixed_m27            0 Y   1.434  1.457  0.266  1.387  1.314  2.221  0.003  0.051  0.162  0.417  0.411  1.000  1.000
d3/replay_fixed_m27            1 Y   1.400  1.399  0.255  1.346  1.405  2.090 -0.002  0.054  0.162  0.583  0.620  0.917  1.000
d3/replay_fixed                0 Y   1.439  1.465  0.251  1.378  1.306  2.160  0.050  0.121  0.165  0.417  0.415  1.000  1.000
d3/replay_fixed                1 Y   1.403  1.403  0.237  1.336  1.404  2.033  0.030  0.120  0.165  0.583  0.599  0.958  1.000
d3/trust_td                    0 Y   1.712  1.739  0.174  1.294  1.577  1.976  1.443  0.474  0.175  0.625  0.628  1.000  1.000
d3/trust_td                    1 Y   1.709  1.720  0.248  1.258  1.650  1.831  1.596  0.627  0.175  0.708  0.669  0.917  0.958
judge/w/d1/base_judge          0 Y   1.751  1.854  0.189  1.352  1.234  1.928  1.871  0.449  0.175  0.417  0.450  1.000  1.000
judge/w/d1/full_judge          0 Y   1.442  1.415  0.428  1.628  1.578  1.485  0.243  0.233  0.089  0.292  0.383  0.625  0.875
judge/w/d2/tags_judge          0 Y   1.736  1.809  0.297  1.323  1.370  2.021  1.585  0.490  0.175  0.750  0.623  0.917  1.000   1.352  1.416  0.030 0.9583333333333334
judge/w/d3/focus_judge         0 Y   1.467  1.478  0.361  1.596  1.409  1.839  0.010  0.251  0.104  0.250  0.346  0.875  1.000
judge/w/d3/focus               2 Y   1.357  1.285  0.419  1.370  1.719  1.702  0.046  0.269  0.113  0.833  0.858  0.958  1.000
judge/w/d3/fulltd_act6         0 Y   1.500  1.383  0.336  1.340  2.087  1.868  0.004  0.257  0.113  0.792  0.803  1.000  1.000
judge/w/d3/fulltd_act6         1 Y   1.449  1.317  0.369  1.429  2.113  1.768 -0.005  0.261  0.117  0.750  0.830  0.792  1.000
judge/w/d3/fulltd_judge        0 Y   1.536  1.422  0.300  1.418  2.107  1.893  0.003  0.229  0.106  0.708  0.739  0.917  1.000
judge/w/d3/fulltd              2 Y   1.374  1.285  0.405  1.284  1.818  1.771  0.059  0.245  0.111  0.958  0.956  1.000  1.000
judge/w/d3/fulltd_tags         0 Y   1.622  1.521  0.312  1.456  2.124  1.907  0.053  0.277  0.103  0.750  0.800  0.792  0.958   1.449  1.335  0.047 0.9166666666666666
judge/w/d3/fulltd_tags         1 Y   1.500  1.376  0.487  1.421  2.120  1.788 -0.026  0.350  0.096  0.708  0.844  0.917  1.000   1.333  1.197  0.063 0.875
judge/w/d3/fulltd_tags         2 Y   1.491  1.442  0.430  1.388  1.740  1.843  0.389  0.302  0.099  0.667  0.802  0.875  1.000   1.309  1.209  0.046 0.9166666666666666
judge/w/d3/replay_fixed_m27    2 Y   1.374  1.320  0.259  1.304  1.645  2.061 -0.003  0.036  0.162  1.000  0.893  1.000  1.000
